=== Tail focus swept from none to strong, n = 100, 2000 replicates ===
p0 = 0 means w == 1: no tail focus. For the quantile loss that is exactly
CRPS minimisation -- the like-for-like comparison against L-moments.

--- median fitted shape (true xi = 0.2), and fraction on the shape bound ---
                   xi at_bound
quantile|0.00   0.022    0.000
expectile|0.00  0.162    0.000
quantile|0.50   0.324    0.001
expectile|0.50  0.209    0.000
quantile|0.70   0.397    0.003
expectile|0.70  0.164    0.000
quantile|0.80   0.367    0.010
expectile|0.80  0.106    0.000
quantile|0.90   0.130    0.117
expectile|0.90 -0.029    0.021
quantile|0.95  -0.264    0.372
expectile|0.95 -0.196    0.177

for reference: MLE xi = 0.054, L-moments xi = 0.095

--- mse ratio vs GEV MLE ---
                 T=10   T=19  T=48 T=107 T=203 T=529 T=1000
quantile|0.00   0.513  1.015 1.897 1.679 1.563 1.463  1.427
expectile|0.00  0.907  1.492 1.294 1.077 1.042 1.095  1.186
quantile|0.50   0.421  0.977 1.425 1.439 1.763 2.991  4.643
expectile|0.50  1.165  1.952 1.476 1.073 0.977 0.982  1.054
quantile|0.70   0.484  1.082 1.351 1.351 1.797 3.631  6.306
expectile|0.70  2.058  3.335 1.985 1.266 1.087 1.019  1.040
quantile|0.80   0.548  1.362 1.431 1.257 1.540 2.948  5.110
expectile|0.80  3.213  5.186 2.641 1.498 1.217 1.079  1.062
quantile|0.90   0.950  1.773 1.777 1.273 1.293 1.909  2.941
expectile|0.90  6.595 11.062 4.804 2.191 1.553 1.203  1.112
quantile|0.95  24.531  4.909 2.296 1.552 1.364 1.510  1.902
expectile|0.95 12.758 24.019 9.838 3.583 2.066 1.276  1.097
GEV MLE         1.000  1.000 1.000 1.000 1.000 1.000  1.000
GEV L-moments   0.948  1.352 1.304 1.142 1.097 1.090  1.111

--- bias ---
                 T=10   T=19   T=48  T=107  T=203  T=529 T=1000
quantile|0.00   0.119 -0.103 -1.056 -2.102 -3.107 -4.934 -6.393
expectile|0.00  0.280  0.265 -0.226 -0.711 -1.118 -1.721 -2.081
quantile|0.50   0.079  0.033 -0.300 -0.339 -0.048  1.353  3.362
expectile|0.50  0.218  0.215 -0.221 -0.616 -0.912 -1.265 -1.385
quantile|0.70   0.058  0.007 -0.272 -0.144  0.440  2.802  6.089
expectile|0.70  0.340  0.382 -0.034 -0.468 -0.849 -1.451 -1.851
quantile|0.80   0.075  0.047 -0.263 -0.249  0.158  2.034  4.781
expectile|0.80  0.483  0.588  0.206 -0.268 -0.736 -1.593 -2.269
quantile|0.90  -0.098  0.142 -0.077 -0.327 -0.440 -0.137  0.735
expectile|0.90  0.795  1.068  0.776  0.223 -0.419 -1.755 -2.926
quantile|0.95  -0.837 -0.001  0.180 -0.132 -0.571 -1.356 -1.795
expectile|0.95  1.186  1.728  1.560  0.897  0.040 -1.820 -3.476
GEV MLE         0.329  0.189 -0.644 -1.601 -2.548 -4.325 -5.787
GEV L-moments   0.303  0.216 -0.465 -1.210 -1.914 -3.167 -4.141

--- sd ---
                T=10  T=19  T=48 T=107 T=203 T=529 T=1000
quantile|0.00  0.301 0.501 0.950 1.493 2.070 3.251  4.319
expectile|0.00 0.326 0.560 1.151 1.939 2.837 4.815  6.719
quantile|0.50  0.282 0.501 1.194 2.363 3.966 8.341 13.507
expectile|0.50 0.436 0.676 1.233 1.967 2.807 4.674  6.486
quantile|0.70  0.309 0.528 1.167 2.309 3.979 8.879 15.034
expectile|0.70 0.552 0.845 1.453 2.190 2.996 4.714  6.321
quantile|0.80  0.326 0.590 1.205 2.218 3.704 8.140 13.797
expectile|0.80 0.650 0.995 1.663 2.421 3.212 4.818  6.256
quantile|0.90  0.429 0.661 1.373 2.222 3.367 6.750 11.053
expectile|0.90 0.844 1.307 2.123 2.937 3.699 5.064  6.152
quantile|0.95  2.075 1.125 1.552 2.476 3.441 5.849  8.726
expectile|0.95 1.094 1.789 2.834 3.659 4.293 5.211  5.805
GEV MLE        0.309 0.471 0.805 1.182 1.558 2.272  2.866
GEV L-moments  0.319 0.549 1.082 1.748 2.474 3.998  5.404
